# blackrobot config yaml
robot:
  left_arm:
    dh:
      a_arr: [0, 0, 0, 30, -30, 0, -71]
      alpha_arr: [0, -1.5707963267948966, 1.5707963267948966,-1.5707963267948966, 1.5707963267948966, -1.5707963267948966, 1.5707963267948966]
      d_arr: [0, 0, 300, 0, 229, 0, 0]
      theta_arr: [0, 0, 0, 0, 0, 0, 0]
    joints_limit:
      lower_limit: [-150, -90, -180, -50, -180, 0, -90]
      upper_limit: [90, 90, 180, 165, 180, 180, 90]
  right_arm:
    dh:
      a_arr: [0, 0, 0, 30, -30, 0, -71]
      alpha_arr: [0, -1.5707963267948966, 1.5707963267948966,-1.5707963267948966, 1.5707963267948966, -1.5707963267948966, 1.5707963267948966]
      d_arr: [0, 0, 300, 0, 229, 0, 0]
      theta_arr: [0, 0, 0, 0, 0, 0, 0]
    joints_limit:
      lower_limit: [-90, -90, -180, -50, -180, 0, -90]
      upper_limit: [150, 90, 180, 165, 180, 180, 90]
